	Bacteroidales bacterium M10	Bacteroidales bacterium M14	Bacteroidales bacterium M2	Bifidobacterium pseudolongum	Dubosiella newyorkensis	Enterococcus faecium/hirae	Lactobacillus johnsonii
Octadecanoylcarnitine	-0.539974897588374	0.237113659212291	-0.176077994671715	-0.736860893444746	-0.477172829719145	0.424879894228983	-0.478232038191651
Ceramide.d18.1.16.0.	-0.604342766175068	0.284241839925293	-0.430762236964731	-0.436378684847401	-0.326951753696451	0.482616186476127	-0.132842232831014
Ceramide.d18.1.24.1.	-0.740230488746977	0.343152065816545	-0.470065360775382	-0.519426531444657	-0.531664788668553	0.646942556717998	-0.243544093523526
Cholesteryl.ester.14.0	-0.61507074427285	0.223858858386759	-0.336434739819169	-0.427318919764064	-0.453608739362644	0.691355089215801	-0.184503101154187
Cholesteryl.ester.18.0	-0.557854861084678	0.0868925831895973	-0.341151114676448	-0.446948410777961	-0.435935671595268	0.629177543718877	-0.165314778634151
Cholesteryl.ester.18.1	-0.61507074427285	0.210604057561227	-0.400891862868637	-0.528486296527994	-0.418262603827892	0.595127935470561	-0.140222356877182
Cholesteryl.ester.20.4	-0.704470561754369	0.178203433321039	-0.465348985918104	-0.608514221430805	-0.603829815385338	0.735767621713604	-0.408858872157677
Cholesteryl.ester.22.5	-0.511366955994288	0.0589102258912524	-0.345867489533726	-0.614554064819696	-0.346097577111108	0.398232374730301	-0.144650431304882
Cholesteryl.ester.22.6	-0.686590598258066	0.128129741313474	-0.407180362678341	-0.735350932597523	-0.603829815385338	0.67359007621668	-0.512180608804022
Diacylglyceride.16.0_18.1.	0.593614788077286	-0.469809051482738	0.616272981351002	0.380510133500156	0.450663228068081	0.0858642294957526	0.0619930419878067
Diacylglyceride.16.0_18.2.	0.779566408438845	-0.48306385230827	0.595835356969464	0.74441069768086	0.435935671595268	-0.290161878985647	0.27896868894513
Diacylglyceride.16.1_18.2.	0.733078503348455	-0.428571893358861	0.649287605351949	0.741390775986415	0.50515518701749	-0.281279372486086	0.138746332067948
Diacylglyceride.17.0_18.1.	-0.65633992272299	0.565731784080969	-0.539255117496633	-0.446754371408955	-0.542098080307351	0.164811825864466	-0.38490017945975
Diacylglyceride.18.1_18.3.	0.61149475157359	-0.587629503265243	0.705884103639285	0.374470290111265	0.515464476548459	-0.122874673243922	0.0309965209939033
Diacylglyceride.18.2_18.2.	0.575734824580982	-0.59499328150165	0.372593613724968	0.578315004486348	0.141384542139006	-0.103629242494874	-0.0487088187047052
Lysophosphatidylcholine.a.C18.0	-0.629374715069893	0.066274004127659	-0.539238858682127	-0.619083947361365	-0.544919589494085	0.415997387729422	-0.377862351163774
Lysophosphatidylcholine.a.C18.2	0.554278868385418	-0.48306385230827	0.479498110489938	0.249143539791769	0.313696952870919	-0.15100261049253	0.183027076344953
Lysophosphatidylcholine.a.C24.0	0.532822912189853	-0.734905067993374	0.528233984015145	0.507346844666874	0.240059170506854	0.00592167099970708	-0.0398526698493043
Lysophosphatidylcholine.a.C26.0	0.768838430341063	-0.673049330807559	0.75147572725964	0.788199562250323	0.611193593621744	-0.371584855231619	0.177122977108019
Lysophosphatidylcholine.a.C28.0	0.675862620160283	-0.804124583415596	0.63671060573254	0.63267359498637	0.413844336886048	-0.219101826989162	0.147602480923349
Lysophosphatidylcholine.a.C28.1	0.679438612859544	-0.680413109043966	0.606840231636446	0.831988426819785	0.53902856690496	-0.285720625735866	0.240592043905059
Phosphatidylcholine.aa.C24.0	0.640102693167676	-0.671576575160278	0.551815858301535	0.7338409717503	0.425626382064299	-0.38934986823074	0.239116019095826
Phosphatidylcholine.aa.C26.0	0.783142401138106	-0.677467597749403	0.716888978306268	0.736860893444746	0.493373141839239	-0.347898171232791	0.143174406495649
Phosphatidylcholine.aa.C28.1	0.768838430341063	-0.746687113171625	0.782918226308161	0.732331010903078	0.599411548443494	-0.273877283736452	0.276016639326663
Phosphatidylcholine.aa.C32.0	-0.761686444942541	0.293078373808981	-0.36001661410556	-0.659852890236381	-0.549337856435929	0.614373366219609	-0.512180608804022
Phosphatidylcholine.aa.C36.0	-0.640102693167676	0.0780560493059095	-0.355300239248282	-0.668912655319718	-0.546392345141366	0.666187987467046	-0.609598246213432
Phosphatidylcholine.aa.C36.1	-0.618646736972111	0.138439030844443	-0.262544867055146	-0.682502302944724	-0.48306385230827	0.726885115214044	-0.509228559185555
Phosphatidylcholine.aa.C36.2	-0.725926517949934	0.203240279324821	-0.435478611822009	-0.631163634139147	-0.671576575160278	0.775738900961627	-0.6214064446873
Phosphatidylcholine.aa.C38.1	-0.483114376255022	0.0825350260949495	-0.250938511409093	-0.707937390639556	-0.311717107483604	0.29185697640891	-0.54062274315578
Phosphatidylcholine.aa.C38.4	-0.815326335431453	0.462445273246332	-0.562820732968517	-0.551135709236337	-0.670103819512996	0.615853783969536	-0.352769929406805
Phosphatidylcholine.aa.C40.2	0.690166590957326	-0.586156747617962	0.781346101355735	0.392589820277939	0.444772205478956	-0.139159268493116	0.0723252156524411
Phosphatidylcholine.aa.C40.3	0.761686444942541	-0.458027006304488	0.825365600023663	0.456008175861298	0.536083055610397	-0.193934725240407	0.128414158403314
Phosphatidylcholine.aa.C40.5	-0.61149475157359	0.19145823414657	-0.327001990104613	-0.539056022458554	-0.294551129456262	0.395271539230447	-0.137270307258715
Phosphatidylcholine.aa.C40.6	-0.790294386536627	0.238586414859572	-0.479498110489938	-0.670422616166941	-0.675994842102122	0.658785898717412	-0.634690667970402
Phosphatidylcholine.aa.C42.2	0.586462802678764	-0.681885864691247	0.622561481160706	0.498287079583537	0.212076813208509	-0.10066840699502	0.0221403721385024
Phosphatidylcholine.aa.C42.5	0.593614788077286	-0.673049330807559	0.71217260344899	0.477147627722418	0.410898825591486	-0.0695796342465582	-0.107749811074045
Phosphatidylcholine.aa.C42.6	0.668710634761762	-0.375552690056734	0.721605353163546	0.39862966366683	0.475700074071863	-0.217621409239235	0.0398526698493043
Phosphatidylcholine.ae.C30.0	0.640102693167676	-0.698086176811341	0.481070235442364	0.697601911416952	0.313696952870919	-0.321250651734109	0.175646952298786
Phosphatidylcholine.ae.C30.1	0.793870379235888	-0.614139104916307	0.73575447773538	0.824438622583671	0.574374702439711	-0.270916448236599	0.281920738563597
Phosphatidylcholine.ae.C32.1	0.532822912189853	-0.670103819512996	0.548671608396683	0.53150621822244	0.182621700262883	-0.0725404697464117	-0.0265684465662029
Phosphatidylcholine.ae.C32.2	0.786718393837367	-0.687776887280372	0.765624851831474	0.650793125153044	0.486009363602833	-0.290161878985647	0.104797761455578
Phosphatidylcholine.ae.C34.0	-0.590038795378025	0.153166587317256	-0.295559491056093	-0.427318919764064	-0.284241839925293	0.458929502477298	-0.256828316806628
Phosphatidylcholine.ae.C36.2	-0.529246919490592	-0.019145823414657	-0.213808993529939	-0.492247236194646	-0.478645585366426	0.746130545963092	-0.461995765290083
Phosphatidylcholine.ae.C36.5	-0.61149475157359	0.189985478499289	-0.256256367245442	-0.529996257375217	-0.683358620338528	0.741689292713311	-0.649450916062737
Phosphatidylcholine.ae.C38.4	-0.686590598258066	0.409426069944204	-0.495219360014198	-0.345781034014031	-0.497791408781083	0.429321147478763	-0.261256391234328
Phosphatidylcholine.ae.C38.5	-0.722350525250673	0.362297889231202	-0.386742738296802	-0.498287079583537	-0.643594217861933	0.718002608714483	-0.457567690862383
Phosphatidylcholine.ae.C40.1	-0.582886809979503	0.19145823414657	-0.289270991246389	-0.69609195056973	-0.349043088405671	0.232425586738503	-0.273064589708196
Phosphatidylcholine.ae.C40.5	-0.679438612859544	0.217967835797634	-0.393031238106506	-0.579824965333571	-0.421208115122455	0.467812008976859	-0.270112540089729
Phosphatidylcholine.ae.C40.6	-0.547126882986896	0.0441826694184393	-0.39145911315408	-0.445438449930738	-0.463918028893613	0.263514359486965	-0.473803963763951
Phosphatidylcholine.ae.C42.0	0.683014605558805	-0.447717716773519	0.779773976403309	0.448458371625184	0.580265725028837	-0.281279372486086	0.247972167951227
Hexosylceramide.d18.1.16.0.	-0.750958466844759	0.399116780413235	-0.591118982112186	-0.516406609750211	-0.512518965253896	0.538872060973344	-0.169742853061852
Hexosylceramide.d18.1.23.0.	-0.808174350032931	0.835052452008503	-0.661864604971357	-0.700621833111398	-0.556701634672336	0.266475194986818	-0.090037513363243
Hexosylceramide.d18.1.24.0.	-0.647254678566197	0.195876501088414	-0.349011739438578	-0.602474378041913	-0.611193593621744	0.744650128213165	-0.382290425591474
Hexosylceramide.d18.1.24.1.	-0.665134642062501	0.312224197223638	-0.495219360014198	-0.493757197041869	-0.432990160300705	0.441164489478177	-0.128414158403314
Hydroxysphingomyelin.C14.1	-0.779566408438845	0.400589536060517	-0.551815858301535	-0.723271245819741	-0.736377823640656	0.778699736461481	-0.512180608804022
Hydroxysphingomyelin.C16.1	-0.550702875686157	0.197349256735696	-0.270405491817276	-0.576805043639125	-0.577320213734274	0.803866838210236	-0.454615641243916
Sphingomyelin.C16.0	-0.75453445954402	0.151693831669975	-0.441767111631713	-0.712701519889181	-0.764360180939	0.786101825211114	-0.639118742398102
Sphingomyelin.C18.0	-0.654406663964719	0.215022324503071	-0.369449363820116	-0.697601911416952	-0.743741601877062	0.76537597671214	-0.625834519115001
Sphingomyelin.C18.1	-0.575734824580982	0.0824743162477534	-0.336434739819169	-0.676462459555833	-0.723123022815124	0.703198431215215	-0.677495387438173
Hexose	0.61149475157359	-0.175257922026476	0.385170613344376	0.460538058402966	0.313696952870919	-0.413036552229569	0.184503101154187
Triacylglyceride.14.0_34.2.	0.657982656663979	-0.222386102739478	0.523517609157866	0.762530227847534	0.603829815385338	-0.127315926493702	0.473803963763951
Triacylglyceride.14.0_34.3.	0.733078503348455	-0.156112098611819	0.595835356969464	0.751960501916975	0.734905067993374	-0.344937335732937	0.487088187047052
Triacylglyceride.14.0_36.4.	0.672286627461022	-0.385861979587703	0.477925985537512	0.848597996139236	0.468336295835457	-0.260553523987111	0.287824837800531
Triacylglyceride.16.0_32.1.	0.5650068464832	-0.139911786491725	0.517229109348162	0.637203477528039	0.589102258912524	-0.0281279372486086	0.487088187047052
Triacylglyceride.16.0_32.2.	0.657982656663979	-0.21354956885579	0.523517609157866	0.748940580222529	0.581738480676118	-0.130276761993556	0.451663591625449
Triacylglyceride.16.0_32.3.	0.810561871778119	-0.319055000943836	0.47933788221923	0.807186711732112	0.759232733727462	-0.587977324705662	0.583271810412083
Triacylglyceride.16.0_34.3.	0.733078503348455	-0.265096016510636	0.616272981351002	0.742900736833638	0.543446833846804	-0.170248041241578	0.376386326354541
Triacylglyceride.16.0_34.4.	0.75453445954402	-0.346097577111108	0.679157979448043	0.724781206666963	0.564065412908742	-0.1880130542407	0.314393284366734
Triacylglyceride.16.0_35.3.	0.647254678566197	-0.290132862514418	0.691734979067451	0.587374769569685	0.497791408781083	-0.0162845952491945	0.239116019095826
Triacylglyceride.16.0_36.4.	0.593614788077286	-0.438881182889831	0.459060486108399	0.670422616166941	0.298969396398106	-0.076981722996192	0.0797053396986086
Triacylglyceride.16.0_36.5.	0.729502510649195	-0.416789848180611	0.564392857920943	0.80782905326422	0.491900386191958	-0.182091383240993	0.292252912228231
Triacylglyceride.16.0_36.6.	0.808174350032931	-0.478645585366426	0.622561481160706	0.859167722069796	0.558174390319617	-0.411556134479642	0.358674028643739
Triacylglyceride.16.0_38.7.	0.70804655445363	-0.216495080150353	0.609984481541298	0.712701519889181	0.569956435497867	-0.253151435237478	0.450187566816215
Triacylglyceride.16.1_32.2.	0.736654496047716	-0.294551129456262	0.654003980209227	0.762530227847534	0.702504443753185	-0.213180155989455	0.426571169868479
Triacylglyceride.16.1_34.2.	0.733078503348455	-0.294551129456262	0.649287605351949	0.751960501916975	0.630339417036401	-0.217621409239235	0.386718500019175
Triacylglyceride.16.1_34.3.	0.733078503348455	-0.316642464165482	0.688590729162599	0.712701519889181	0.581738480676118	-0.211699738239528	0.289300862609764
Triacylglyceride.16.1_36.4.	0.647254678566197	-0.340206554521983	0.564392857920943	0.67495249870861	0.369661667467609	-0.121394255493995	0.199263349246521
Triacylglyceride.16.1_36.5.	0.722350525250673	-0.394698513471391	0.609984481541298	0.774609914625317	0.512518965253896	-0.312368145234548	0.212547572529623
Triacylglyceride.17.1_36.4.	0.607918758874329	-0.293078373808981	0.408752487630767	0.751960501916975	0.422680870769736	-0.0932663182453864	0.408858872157677
Triacylglyceride.18.1_34.4.	0.654406663964719	-0.344624821463827	0.627277856017984	0.652303086000267	0.452135983715362	-0.106590077994727	0.24944819276046
Triacylglyceride.18.2_30.0.	0.75453445954402	-0.276878061688886	0.569109232778221	0.844068113597568	0.62886666138912	-0.279798954736159	0.532844956133291
Triacylglyceride.18.2_30.1.	0.755089876961552	-0.21075908449246	0.415346501642637	0.8174901351889	0.714075359696483	-0.488897473172286	0.683902541205263
Triacylglyceride.18.2_32.0.	0.575734824580982	-0.366716156173046	0.371021488772542	0.77611987547254	0.397644024765954	0.0399712792480228	0.3129172595575
Triacylglyceride.18.2_32.1.	0.733078503348455	-0.265096016510636	0.63671060573254	0.739880815139192	0.55081061208321	-0.205778067239821	0.357198003834505
Triacylglyceride.18.2_32.2.	0.729502510649195	-0.350515844052952	0.633566355827688	0.771589992930872	0.51693723219574	-0.198375978490187	0.293728937037465
Triacylglyceride.18.2_34.2.	0.572158831881721	-0.384389223940422	0.446483486488991	0.668912655319718	0.290132862514418	-0.0532950389973637	0.0811813645078421
Triacylglyceride.18.2_34.3.	0.618646736972111	-0.347570332758389	0.49836360991905	0.693072028875284	0.343152065816545	-0.149522192742604	0.137270307258715
Triacylglyceride.18.2_34.4.	0.704470561754369	-0.402062291707798	0.583258357350055	0.762530227847534	0.437408427242549	-0.214660573739381	0.175646952298786
Triacylglyceride.18.3_32.1.	0.700894569055108	-0.259204993921511	0.606840231636446	0.717231402430849	0.518409987843022	-0.199856396240114	0.284872788182064
Triacylglyceride.18.3_34.1.	0.632950707769154	-0.388807490882266	0.545527358491831	0.656832968541936	0.368188911820328	0.00148041774992677	0.175646952298786
Triacylglyceride.18.3_34.2.	0.675862620160283	-0.377025445704016	0.536094608777275	0.761020267000312	0.431517404653424	-0.199856396240114	0.188931175581887
Triacylglyceride.18.3_34.3.	0.704470561754369	-0.413844336886048	0.553387983253961	0.735350932597523	0.387334735234985	-0.235386422238356	0.144650431304882
Triacylglyceride.20.5_34.2.	0.700894569055108	-0.434462915947987	0.61312873144615	0.668912655319718	0.394698513471391	-0.168767623491652	0.194835274818821
Triacylglyceride.22.6_32.0.	0.622222729671372	-0.322533486754607	0.407180362678341	0.825948583430894	0.587629503265243	-0.270916448236599	0.534320980942524
Triacylglyceride.22.6_32.1.	0.733078503348455	-0.349043088405671	0.685446479257747	0.697601911416952	0.727541289756968	-0.34345691798301	0.423619120250012
Triacylglyceride.22.6_34.3.	0.607918758874329	-0.405007803002361	0.465348985918104	0.662872811930827	0.488954874897395	-0.287201043485793	0.336533656505236
Trigonelline	-0.768838430341063	0.226804369681322	-0.512512734490884	-0.662872811930827	-0.564065412908742	0.53591122547349	-0.583029799647229
Alanine	-0.665134642062501	0.471281807130019	-0.399319737916211	-0.575295082791902	-0.561119901614179	0.479655350976273	-0.49889638552092
Arginine	-0.718774532551412	0.164948632495507	-0.413468862488045	-0.688542146333615	-0.64064870656737	0.667668405216973	-0.566793526745661
Asparagine	-0.625798722370633	0.586156747617962	-0.488930860204494	-0.554155630930782	-0.368188911820328	0.306446474234841	-0.200739374055755
Aspartic.Acid	-0.575734824580982	0.622975638799995	-0.430762236964731	-0.705151715653067	-0.312224197223638	0.198375978490187	-0.178599001917253
Isoleucine	-0.640102693167676	0.338733798874702	-0.35215598934343	-0.593414612958576	-0.493373141839239	0.638060050218437	-0.397050673683809
Leucine	-0.672286627461022	0.466863540188176	-0.369449363820116	-0.652303086000267	-0.555228879025054	0.691355089215801	-0.439855393151581
Lysine	-0.654406663964719	0.321060731107326	-0.331718364961891	-0.607004260583582	-0.446244961126237	0.663227151967193	-0.419191045822312
Methionine	-0.675862620160283	0.382916468293141	-0.300275865913371	-0.61153414312525	-0.491900386191958	0.529989554473783	-0.495944335902453
Phenylalanine	-0.632950707769154	0.418262603827892	-0.342723239628874	-0.679482381250278	-0.49484589748652	0.436723236228397	-0.327677507649835
Proline	-0.775990415739584	0.522828254784865	-0.532950358872423	-0.644753281764153	-0.48306385230827	0.436723236228397	-0.335057631696003
Serine	-0.604342766175068	0.384389223940422	-0.385170613344376	-0.63267359498637	-0.555228879025054	0.580323757971293	-0.552033278653326
Threonine	-0.725926517949934	0.374079934409453	-0.49836360991905	-0.594924573805799	-0.586156747617962	0.660266316467339	-0.382290425591474
Tryptophan	-0.647254678566197	0.428571893358861	-0.259400617150294	-0.762530227847534	-0.540501322552241	0.584765011221074	-0.402954772920743
Tyrosine	-0.550702875686157	0.481591096660989	-0.171361619814437	-0.52093649229188	-0.407953314296923	0.509263705974809	-0.34243775574217
Valine	-0.66155864936324	0.296023885103544	-0.429190112012305	-0.65381304684749	-0.58468399197068	0.654344645467632	-0.512180608804022
X3.Methylhistidine	-0.511366955994288	0.00441826694184393	-0.322285615247335	-0.614554064819696	-0.329897264991014	0.211699738239528	-0.335057631696003
alpha.Aminoadipic.acid	-0.51851894139281	0.0677467597749403	-0.133630620956212	-0.617573986514142	-0.480118341013707	0.670629240716826	-0.58745787407493
Betaine	-0.722350525250673	0.706922710695029	-0.437050736774435	-0.637203477528039	-0.406480558649642	0.390830285980667	-0.339485706123703
Citrulline	-0.668710634761762	0.163475876848226	-0.356872364200708	-0.649283164305821	-0.503682431370208	0.559597909472319	-0.459043715671616
Kynurenine	-0.711622547152891	0.204713034972102	-0.443339236584139	-0.767060110389203	-0.536083055610397	0.350859006732644	-0.525464832087123
Methionine.Sulfoxide	-0.747382474145498	0.387334735234985	-0.543955233539405	-0.590394691264131	-0.474227318424582	0.393791121480521	-0.293728937037465
Proline.betaine	-0.761686444942541	0.369661667467609	-0.460632611060826	-0.800279249028106	-0.430044649006143	0.408595298979788	-0.500372410330154
Symmetric.dimethylarginine	-0.683014605558805	0.290132862514418	-0.520373359253014	-0.656832968541936	-0.394698513471391	0.350859006732644	-0.376386326354541
Putrescine	-0.654406663964719	0.410898825591486	-0.364732988962838	-0.729311089208632	-0.350515844052952	0.325691904983889	-0.326201482840602
Serotonin	0.618646736972111	-0.374079934409453	0.652431855256801	0.471107784333526	0.634757683978245	-0.216140991489308	0.307013160320566
Spermidine	-0.539974897588374	0.287187351219856	-0.204376243815383	-0.603984338889136	-0.378498201351297	0.381947779481106	-0.522512782468656
Lactic.acid	-0.690166590957326	0.350515844052952	-0.325429865152187	-0.833498387667008	-0.438881182889831	0.516665794724442	-0.358674028643739
Succinic.acid	-0.529246919490592	0.471281807130019	-0.207520493720235	-0.379000172652933	-0.356406866642077	0.424879894228983	-0.295204961846698
Arachidonic.acid	0.604342766175068	-0.372607178762172	0.407180362678341	0.422789037222395	0.549337856435929	-0.651383809967778	0.450187566816215
Docosahexaenoic.acid	0.704470561754369	-0.400589536060517	0.424473737155027	0.471107784333526	0.558174390319617	-0.62769712596895	0.411810921776144
Eicosapentaenoic.acid	0.811750342732192	-0.617084616210869	0.687018604210173	0.443928489083515	0.55081061208321	-0.457449084727372	0.214023597338856
Octadecenoic.acid	0.554278868385418	-0.425626382064299	0.564392857920943	0.403159546208498	0.366716156173046	-0.0858642294957526	0.0324725458031368
Octadecadienoate	0.779566408438845	-0.600884304090775	0.608412356588872	0.662872811930827	0.447717716773519	-0.294603132235427	0.233211919858892
Eicosenoic.acid	0.557854861084678	-0.187039967204727	0.545527358491831	0.463557980097412	0.471281807130019	-0.266475194986818	0.224355771003491
Eicosadienoic.acid	0.750958466844759	-0.357879622289359	0.639854855637392	0.66438277277805	0.565538168556023	-0.386389032730887	0.416238996203845
Eicosatrienoic.acid	0.779566408438845	-0.304860418987231	0.603695981731594	0.610024182278028	0.512518965253896	-0.457449084727372	0.296680986655932
Indoxyl.sulfate	-0.61149475157359	0.14580280908085	-0.330146240009465	-0.321621660458465	-0.410898825591486	0.4811357687262	-0.450187566816215
