	Bacteroidales bacterium M10	Bacteroidales bacterium M14	Bacteroidales bacterium M2	Bifidobacterium pseudolongum	Dubosiella newyorkensis	Enterococcus faecium/hirae	Lactobacillus johnsonii
Octadecanoylcarnitine	0.0723273131142644	0.438791348626591	0.560028598134749	0.0121837525487882	0.116562995747951	0.164606559112396	0.115993287284998
Ceramide.d18.1.16.0.	0.0407006703395922	0.349303153143764	0.159569390202852	0.153889034026632	0.283551976201836	0.113458190151381	0.655986300399926
Ceramide.d18.1.24.1.	0.0121837525487882	0.259242185905998	0.122647387414157	0.0855210672837307	0.076902789696272	0.0277913146334258	0.426593853082263
Cholesteryl.ester.14.0	0.0383843686334704	0.467945554098224	0.26844733649733	0.162512780667448	0.137868578986524	0.0197708279464427	0.543160086018339
Cholesteryl.ester.18.0	0.0627153455802559	0.774581200361417	0.261849000981303	0.14404383725578	0.153953320756924	0.0334470627886715	0.583562341977017
Cholesteryl.ester.18.1	0.0383843686334704	0.490101473982107	0.189962739006942	0.0787179923052291	0.171999295563265	0.0449867966983583	0.64140992497659
Cholesteryl.ester.20.4	0.016816656284335	0.556519784959337	0.126971776693672	0.0396658648671443	0.0407006703395922	0.0121837525487882	0.181218762991638
Cholesteryl.ester.22.5	0.0900487600131076	0.84280799898826	0.256226170551549	0.0383843686334704	0.256226170551549	0.192435458923782	0.631368078742694
Cholesteryl.ester.22.6	0.0205476785190979	0.666108896901712	0.182179721126265	0.0121837525487882	0.0407006703395922	0.0230204658008785	0.0896402962024117
Diacylglyceride.16.0_18.1.	0.0453787250089123	0.122716630397279	0.0381273042924946	0.211940397408523	0.140795404876413	0.775852187918266	0.834715600402411
Diacylglyceride.16.0_18.2.	0.0104659533563425	0.113173376106303	0.0448378675424562	0.0121837525487882	0.153953320756924	0.340706852610284	0.358473920283783
Diacylglyceride.16.1_18.2.	0.0121837525487882	0.1612822118749	0.0273158452892133	0.0121837525487882	0.0955566492074028	0.354354847332883	0.643309022624654
Diacylglyceride.17.0_18.1.	0.0260779779008617	0.058908846729515	0.072386028231706	0.14404383725578	0.0712115964509299	0.58356817547368	0.206954715766744
Diacylglyceride.18.1_18.3.	0.0388576682603502	0.0480131681891618	0.016816656284335	0.219440632543095	0.0879958999405341	0.679260115222151	0.917095198099263
Diacylglyceride.18.2_18.2.	0.0526974209047655	0.0449867966983583	0.221298356968872	0.0517964258912134	0.638925675208398	0.729747699348589	0.870828525293159
Lysophosphatidylcholine.a.C18.0	0.0334470627886715	0.82313561457218	0.072386028231706	0.037326176946401	0.0693386010337774	0.174495978990521	0.215382538394689
Lysophosphatidylcholine.a.C18.2	0.0646571607246035	0.113173376106303	0.115401817497702	0.414390126648958	0.304200066511559	0.617501673142483	0.546392881130065
Lysophosphatidylcholine.a.C24.0	0.0760876158167458	0.0121837525487882	0.0787621855918226	0.0935020404655737	0.433866054131866	0.984734871615784	0.893018184521048
Lysophosphatidylcholine.a.C26.0	0.0107240256442823	0.0230204658008785	0.0115481757719958	0.0104659533563425	0.0388576682603502	0.222684582232661	0.558726198517142
Lysophosphatidylcholine.a.C28.0	0.0223677297943509	0.00864565115934171	0.0309959024743964	0.0321471921953432	0.176843730857406	0.478696879657602	0.625400016626152
Lysophosphatidylcholine.a.C28.1	0.0219342124667831	0.0219342124667831	0.039914534233716	0.00864565115934171	0.072386028231706	0.347474167510232	0.433126140482601
Phosphatidylcholine.aa.C24.0	0.0301967284967474	0.0230621183736199	0.0658723356316211	0.0121837525487882	0.164098327143578	0.202898678179441	0.435051559162012
Phosphatidylcholine.aa.C26.0	0.0104659533563425	0.022366266843527	0.0146184755749625	0.0121837525487882	0.104710042094449	0.254168133229982	0.634712454163276
Phosphatidylcholine.aa.C28.1	0.0107240256442823	0.0121837525487882	0.0104659533563425	0.0122682318224266	0.0428811856767843	0.368290423584438	0.364027466772445
Phosphatidylcholine.aa.C32.0	0.0107240256442823	0.337556666150502	0.238733013218839	0.0252603682311558	0.0666980403572357	0.0383843686334704	0.0896402962024117
Phosphatidylcholine.aa.C36.0	0.0301967284967474	0.794175563572982	0.244685632817183	0.0230621183736199	0.0686259909134678	0.0238811565651957	0.0392434870880915
Phosphatidylcholine.aa.C36.1	0.037326176946401	0.643431941834635	0.388451111870505	0.0213755294779889	0.113173376106303	0.0132132725361361	0.0917918829816188
Phosphatidylcholine.aa.C36.2	0.0132409930846023	0.505823488815169	0.154314536311966	0.0327990490573953	0.0230621183736199	0.0104659533563425	0.0363233978946892
Phosphatidylcholine.aa.C38.1	0.113173376106303	0.783957329523758	0.411216438341862	0.0165412126483779	0.306127000603688	0.339267082064045	0.072231952708527
Phosphatidylcholine.aa.C38.4	0.00864565115934171	0.129855907063447	0.0598370431691583	0.0659216787807773	0.0230621183736199	0.0382290191635011	0.248915093893477
Phosphatidylcholine.aa.C40.2	0.0199587582511315	0.0482374784609014	0.0104659533563425	0.198608880315616	0.145640740126977	0.642894582778299	0.80819337247853
Phosphatidylcholine.aa.C40.3	0.0107240256442823	0.133671577023022	0.00864565115934171	0.135268773954904	0.0742552797602658	0.523632501315489	0.666061818837697
Phosphatidylcholine.aa.C40.5	0.0388576682603502	0.528805373129254	0.283551976201836	0.072386028231706	0.336210903032052	0.19617478261363	0.645205490304604
Phosphatidylcholine.aa.C40.6	0.0104659533563425	0.435784205090374	0.115401817497702	0.0230621183736199	0.0223677297943509	0.0256094880639826	0.0317613404022094
Phosphatidylcholine.aa.C42.2	0.0482374784609014	0.0214908062960691	0.035954958084072	0.101337746486886	0.488516671562151	0.737400447803286	0.940145811687069
Phosphatidylcholine.aa.C42.5	0.0453787250089123	0.0230204658008785	0.0155033863408213	0.116562995747951	0.179209802133343	0.815294718623364	0.720406880584193
Phosphatidylcholine.aa.C42.6	0.0230621183736199	0.217947343195486	0.0136581353373764	0.192119010170599	0.1180380175494	0.480659549507524	0.893018184521048
Phosphatidylcholine.ae.C30.0	0.0301967284967474	0.0180892051829469	0.114553164256244	0.0180892051829469	0.304200066511559	0.29192437418975	0.560028598134749
Phosphatidylcholine.ae.C30.1	0.0104659533563425	0.0383843686334704	0.0121837525487882	0.00864565115934171	0.0533554542917084	0.373455311002546	0.353878950032721
Phosphatidylcholine.ae.C32.1	0.0760876158167458	0.0230621183736199	0.0670751873944154	0.076902789696272	0.546817390527771	0.80819337247853	0.928131674713215
Phosphatidylcholine.ae.C32.2	0.0104659533563425	0.0204876428429459	0.0107240256442823	0.0271115737338666	0.110944349778603	0.340706852610284	0.727219145501232
Phosphatidylcholine.ae.C34.0	0.0471336673897499	0.612996107227082	0.336210903032052	0.162512780667448	0.349303153143764	0.132796878795885	0.399058483470433
Phosphatidylcholine.ae.C36.2	0.0782096556293187	0.94793614121162	0.48673667498848	0.105667720018812	0.115743008261021	0.0121837525487882	0.130170811839182
Phosphatidylcholine.ae.C36.5	0.0388576682603502	0.532006871159475	0.399873947816551	0.0779058187727459	0.0213034626897276	0.0121837525487882	0.0273158452892133
Phosphatidylcholine.ae.C38.4	0.0205476785190979	0.181156729296734	0.103572175549327	0.256226170551549	0.101433007928274	0.160964712451613	0.390894776091122
Phosphatidylcholine.ae.C38.5	0.0135570104434279	0.235040074073159	0.205587134408971	0.101337746486886	0.0291323752405017	0.0145223329013948	0.133671577023022
Phosphatidylcholine.ae.C40.1	0.049551659417845	0.528805373129254	0.341652612150775	0.0185127294303942	0.252489836671213	0.448520330569676	0.36962118068832
Phosphatidylcholine.ae.C40.5	0.0219342124667831	0.480659549507524	0.198215889993823	0.0509005838335759	0.168521832873128	0.124669007065434	0.374293657152454
Phosphatidylcholine.ae.C40.6	0.0681857670717817	0.883173685453639	0.20011491921723	0.145010463722166	0.128507670746976	0.386738532193935	0.119583271376576
Phosphatidylcholine.ae.C42.0	0.0213034626897276	0.143286889604002	0.0104659533563425	0.142830090355099	0.0507463671015066	0.354354847332883	0.416624912947359
Hexosylceramide.d18.1.16.0.	0.0115481757719958	0.19166105818058	0.0467187471723102	0.0872696392128892	0.0896402962024117	0.072386028231706	0.573065231419251
Hexosylceramide.d18.1.23.0.	0.00864565115934171	0.00864565115934171	0.0247505155072626	0.017522189631833	0.0634645977927079	0.381500042957558	0.766327246959216
Hexosylceramide.d18.1.24.0.	0.0277678637449847	0.51985240484359	0.252489836671213	0.041294495243888	0.0388576682603502	0.0121837525487882	0.209637588392923
Hexosylceramide.d18.1.24.1.	0.0240825585344937	0.305515971800106	0.103572175549327	0.104710042094449	0.157252739710988	0.149468197811587	0.666061818837697
Hydroxysphingomyelin.C14.1	0.0104659533563425	0.189962739006942	0.0658723356316211	0.0135570104434279	0.0121837525487882	0.0104659533563425	0.0896402962024117
Hydroxysphingomyelin.C16.1	0.0659216787807773	0.516671869761495	0.37411809157147	0.0525508184958669	0.0523408380549539	0.00864565115934171	0.136815439547024
Sphingomyelin.C16.0	0.0115481757719958	0.616316420222484	0.148915082423987	0.0154589585281169	0.0107240256442823	0.0104659533563425	0.0304335918823792
Sphingomyelin.C18.0	0.0263492785649238	0.485446933385354	0.224655271522096	0.0180892051829469	0.0121837525487882	0.0107240256442823	0.0345877136399625
Sphingomyelin.C18.1	0.0526974209047655	0.783957329523758	0.26844733649733	0.0223677297943509	0.0135570104434279	0.0171317484560053	0.022366266843527
Hexose	0.0388576682603502	0.560407137979852	0.206833886511471	0.131510770046808	0.304200066511559	0.177466242921609	0.543160086018339
Triacylglyceride.14.0_34.2.	0.0257165228476062	0.471041816007295	0.0825830938606707	0.0107240256442823	0.0407006703395922	0.667627466919509	0.119583271376576
Triacylglyceride.14.0_34.3.	0.0121837525487882	0.605671644328044	0.0448378675424562	0.0115481757719958	0.0121837525487882	0.257416006229897	0.109942578773577
Triacylglyceride.14.0_36.4.	0.0230621183736199	0.206345523404105	0.116117687699594	0.00864565115934171	0.124270607883791	0.392004623748492	0.344303059142139
Triacylglyceride.16.0_32.1.	0.0590483217687931	0.641542294366875	0.0870644887938439	0.0309959024743964	0.047604223031696	0.924541462741823	0.109942578773577
Triacylglyceride.16.0_32.2.	0.0257165228476062	0.486800333257624	0.0825830938606707	0.0119636141394217	0.0500359033720143	0.662368393039103	0.139899460099837
Triacylglyceride.16.0_32.3.	0.00864565115934171	0.295500797310706	0.115401817497702	0.00864565115934171	0.0110354826865945	0.0480131681891618	0.049551659417845
Triacylglyceride.16.0_34.3.	0.0121837525487882	0.383641986561793	0.0381273042924946	0.0121837525487882	0.0702346985993009	0.572381167030921	0.21687208582794
Triacylglyceride.16.0_34.4.	0.0115481757719958	0.256226170551549	0.0219342124667831	0.0134566524862641	0.0590483217687931	0.535886729016439	0.30404225625403
Triacylglyceride.16.0_35.3.	0.0277678637449847	0.340706852610284	0.0197708279464427	0.0480131681891618	0.101433007928274	0.955324242931295	0.435051559162012
Triacylglyceride.16.0_36.4.	0.0453787250089123	0.151792701632811	0.132796878795885	0.0230621183736199	0.330399421370864	0.796422678774265	0.790258896658052
Triacylglyceride.16.0_36.5.	0.012754734894885	0.173902745252031	0.0590483217687931	0.00864565115934171	0.105667720018812	0.547569801040854	0.338870464647227
Triacylglyceride.16.0_36.6.	0.00864565115934171	0.115743008261021	0.035954958084072	0.00864565115934171	0.0627153455802559	0.179113106114417	0.24041746559098
Triacylglyceride.16.0_38.7.	0.0165412126483779	0.482910101591334	0.0391537427353009	0.0154589585281169	0.0562417855022492	0.406563322233436	0.140795404876413
Triacylglyceride.16.1_32.2.	0.0121837525487882	0.336210903032052	0.0263492785649238	0.0107240256442823	0.0172455640145055	0.487142019004395	0.163305130327685
Triacylglyceride.16.1_34.2.	0.0121837525487882	0.336210903032052	0.0273158452892133	0.0115481757719958	0.0330989681006403	0.480659549507524	0.205587134408971
Triacylglyceride.16.1_34.3.	0.0121837525487882	0.299918503832758	0.0203222060141264	0.0154589585281169	0.0500359033720143	0.488516671562151	0.341652612150775
Triacylglyceride.16.1_36.4.	0.0277678637449847	0.263239571508887	0.0590483217687931	0.0226156433883624	0.224655271522096	0.682643774516488	0.513586263892666
Triacylglyceride.16.1_36.5.	0.0135570104434279	0.19617478261363	0.0391537427353009	0.0105208222163989	0.0896402962024117	0.305515971800106	0.488148501828848
Triacylglyceride.17.1_36.4.	0.0396850879833231	0.337556666150502	0.181218762991638	0.0115481757719958	0.166655025256394	0.757844304888563	0.181218762991638
Triacylglyceride.18.1_34.4.	0.0263492785649238	0.257624181090672	0.0340593984218383	0.0266661471530477	0.139540063507935	0.722910934284145	0.414194317857757
Triacylglyceride.18.2_30.0.	0.0115481757719958	0.362597707615287	0.0567090999127045	0.00864565115934171	0.0334793916178226	0.357121548038154	0.0760876158167458
Triacylglyceride.18.2_30.1.	0.0115481757719958	0.490101473982107	0.175176041960894	0.00864565115934171	0.0154013412361645	0.108349820771906	0.0213034626897276
Triacylglyceride.18.2_32.0.	0.0526974209047655	0.228008872867682	0.223311351789136	0.0104659533563425	0.193054924939114	0.893018184521048	0.305362399280088
Triacylglyceride.18.2_32.1.	0.0121837525487882	0.383641986561793	0.0309959024743964	0.0121837525487882	0.0659216787807773	0.501154136652643	0.242347490103757
Triacylglyceride.18.2_32.2.	0.012754734894885	0.2508349301127	0.0321471921953432	0.0107240256442823	0.0871499406270513	0.514643514295242	0.33706648282519
Triacylglyceride.18.2_34.2.	0.0547895693812919	0.207148004984118	0.144140267775727	0.0230621183736199	0.340706852610284	0.858315876218695	0.78684347895058
Triacylglyceride.18.2_34.3.	0.037326176946401	0.254402946888178	0.101337746486886	0.0195210108543751	0.259242185905998	0.620846429362623	0.645205490304604
Triacylglyceride.18.2_34.4.	0.016816656284335	0.188581522049367	0.049551659417845	0.0107240256442823	0.153563661454989	0.485768860538716	0.560028598134749
Triacylglyceride.18.3_32.1.	0.017522189631833	0.394096161563067	0.039914534233716	0.0146184755749625	0.0861105554835992	0.512673650306132	0.348849981549042
Triacylglyceride.18.3_34.1.	0.0321471921953432	0.203461104960331	0.0690018591256546	0.0259813834343536	0.226145890159511	0.995658520491797	0.560028598134749
Triacylglyceride.18.3_34.2.	0.0223677297943509	0.216459612556066	0.0742552797602658	0.0107240256442823	0.159060151381939	0.512673650306132	0.534123480020567
Triacylglyceride.18.3_34.3.	0.016816656284335	0.176843730857406	0.0651078776451814	0.0121837525487882	0.205224640888959	0.44242351409375	0.631368078742694
Triacylglyceride.20.5_34.2.	0.017522189631833	0.155458501156635	0.0388317982220956	0.0230621183736199	0.19617478261363	0.575001030729092	0.521923462550986
Triacylglyceride.22.6_32.0.	0.0360057521920921	0.29062604010858	0.182179721126265	0.00864565115934171	0.0480131681891618	0.373455311002546	0.075483636501092
Triacylglyceride.22.6_32.1.	0.0121837525487882	0.252489836671213	0.0208682060178354	0.0180892051829469	0.0131479378661082	0.259242185905998	0.165863436553285
Triacylglyceride.22.6_34.3.	0.0396850879833231	0.184918598475752	0.126971776693672	0.0244360392006993	0.108349820771906	0.34476952956483	0.26844733649733
Trigonelline	0.0107240256442823	0.461776076568314	0.0896402962024117	0.0244360392006993	0.0590483217687931	0.0742552797602658	0.049551659417845
Alanine	0.0240825585344937	0.121625735858171	0.191652355269474	0.0528560982997868	0.0609879912386359	0.115401817497702	0.101337746486886
Arginine	0.0144075003522046	0.58356817547368	0.17711175255238	0.0203222060141264	0.0301967284967474	0.023376387051596	0.0582836033161658
Asparagine	0.0345877136399625	0.0482374784609014	0.108349820771906	0.0646571607246035	0.226145890159511	0.316066230696623	0.511627634721804
Aspartic.Acid	0.0526974209047655	0.035954958084072	0.159569390202852	0.016816656284335	0.305515971800106	0.514643514295242	0.556123442473404
Isoleucine	0.0301967284967474	0.26524925980034	0.249669551131835	0.0453787250089123	0.104710042094449	0.0308335320180305	0.193683433122893
Leucine	0.0230621183736199	0.125590839872581	0.224655271522096	0.0266661471530477	0.0643056685041789	0.0197708279464427	0.150996395865402
Lysine	0.0263492785649238	0.29192437418975	0.276285395594655	0.039914534233716	0.144193581721606	0.0244360392006993	0.171208728220554
Methionine	0.0223677297943509	0.209252901881986	0.32808078450881	0.0388576682603502	0.105667720018812	0.0779058187727459	0.103224093598415
Phenylalanine	0.0321471921953432	0.171999295563265	0.259667295769261	0.0219342124667831	0.103758853391839	0.153685688571312	0.282929582742032
Proline	0.0104659533563425	0.0830425963614639	0.0760876158167458	0.0287013169657106	0.113173376106303	0.153685688571312	0.270294397724155
Serine	0.0407006703395922	0.207148004984118	0.206833886511471	0.0321471921953432	0.0643056685041789	0.0507463671015066	0.0658723356316211
Threonine	0.0132409930846023	0.219440632543095	0.101337746486886	0.0449867966983583	0.0482374784609014	0.0252030223959914	0.209637588392923
Tryptophan	0.0277678637449847	0.1612822118749	0.394096161563067	0.0107240256442823	0.072231952708527	0.0489287481795644	0.187495250122477
Tyrosine	0.0659216787807773	0.114417281204071	0.570077977026646	0.0844591388829053	0.181900009024059	0.0917918829816188	0.259826558660405
Valine	0.0247595915496449	0.335771286044133	0.160964712451613	0.0263492785649238	0.0489287481795644	0.0263492785649238	0.0896402962024117
X3.Methylhistidine	0.0900487600131076	0.988096828417895	0.29071244859534	0.0383843686334704	0.279015497156363	0.488516671562151	0.270294397724155
alpha.Aminoadipic.acid	0.0861105554835992	0.819740427529715	0.654536549625643	0.0377999563929498	0.115401817497702	0.0230621183736199	0.0480131681891618
Betaine	0.0135570104434279	0.016759363502952	0.153685688571312	0.0309959024743964	0.182951813040275	0.200813329003059	0.264214397538117
Citrulline	0.0230621183736199	0.586476287958716	0.242573668500334	0.0273158452892133	0.096884647549438	0.0620135017954807	0.132796878795885
Kynurenine	0.0155556734245276	0.503269118335848	0.14704265868031	0.0107240256442823	0.0742552797602658	0.2508349301127	0.0811360147050004
Methionine.Sulfoxide	0.0121837525487882	0.205224640888959	0.0699794048482347	0.0470467020224999	0.119555620064508	0.197312129801567	0.33706648282519
Proline.betaine	0.0107240256442823	0.224655271522096	0.131510770046808	0.00922968379876087	0.160310253295311	0.181218762991638	0.100190412530328
Symmetric.dimethylarginine	0.0213034626897276	0.340706852610284	0.0848038733908778	0.0259813834343536	0.19617478261363	0.2508349301127	0.21687208582794
Putrescine	0.0263492785649238	0.179209802133343	0.231113439553751	0.012754734894885	0.2508349301127	0.285218320118464	0.284619627543167
Serotonin	0.037326176946401	0.219440632543095	0.0266661471530477	0.121625735858171	0.0317613404022094	0.483212926772663	0.315324948911772
Spermidine	0.0723273131142644	0.34476952956483	0.503525255768828	0.0407006703395922	0.214645713260267	0.20987938964597	0.0831477138003086
Lactic.acid	0.0199587582511315	0.2508349301127	0.285333492639668	0.00864565115934171	0.151792701632811	0.0872156468329304	0.24041746559098
Succinic.acid	0.0782096556293187	0.121625735858171	0.497318171427226	0.214134626355529	0.243051541873071	0.164606559112396	0.336210903032052
Arachidonic.acid	0.0407006703395922	0.221298356968872	0.182179721126265	0.166655025256394	0.0666980403572357	0.0269634978096695	0.140795404876413
Docosahexaenoic.acid	0.016816656284335	0.189962739006942	0.164908948865931	0.121625735858171	0.0627153455802559	0.0339683887438384	0.179027150045649
Eicosapentaenoic.acid	0.00864565115934171	0.0379406818554072	0.0205476785190979	0.146512999324251	0.0659216787807773	0.133671577023022	0.48673667498848
Octadecenoic.acid	0.0646571607246035	0.164098327143578	0.0590483217687931	0.187483831822491	0.228008872867682	0.775852187918266	0.913738180081589
Octadecadienoate	0.0104659533563425	0.0421180114904565	0.0396658648671443	0.0244360392006993	0.143286889604002	0.336210903032052	0.447157561980891
Eicosenoic.acid	0.0627153455802559	0.537794451958608	0.0690018591256546	0.128708367421687	0.121625735858171	0.381500042957558	0.467284524845115
Eicosadienoic.acid	0.0115481757719958	0.241482624263928	0.0301967284967474	0.0242815938984224	0.058908846729515	0.205803850784678	0.174431217092937
Eicosatrienoic.acid	0.0104659533563425	0.318920008260514	0.0407006703395922	0.0391537427353009	0.0896402962024117	0.133671577023022	0.334819205695964
Indoxyl.sulfate	0.0388576682603502	0.629631284669151	0.278925812555811	0.291621737522229	0.179209802133343	0.114553164256244	0.140795404876413
